SampleID	1	2	3	4	5	6	7	8	9	10	11	12	13	14	15	16	17	18	19	20
aminoglycoside__aac2I	0	0	0	0	0.000164992	0	0	0.000307098	0	0	0	0	0	0	0	0.000500184	0	0	0.00014225	0.000136597
aminoglycoside__aac3I	0	0.000399815	0	0	0.000225824	0.000525463	0	0	0.000329025	0	0	0	0.00042122	0.000198869	0	0.000131368	0	0.00010955	0	0
aminoglycoside__aac3II	0.0000839	0.000194004	0	0.000427115	0	0	0	0	0	0	0.000475444	0.0000736	0	0	0	0	0	0	0	0
aminoglycoside__aac3IIIa	0	0	0	0	0	0.0001	0	0	0	0	0	0	0	0	0	0.00011272	0.000211763	0	0	0
aminoglycoside__aac3IV	0	0	0	0	0	0	0	0	0	0	0	0	0	0	0.0000751	0	0	0	0	0
aminoglycoside__aac630aac6Ib	0	0.0000794	0	0.0000734	0	0	0	0	0	0	0	0	0	0	0	0	0	0	0	0
aminoglycoside__aac631	0	0	0	0	0.000342574	0	0	0	0	0	0.000113209	0	0	0	0	0	0	0	0	0
aminoglycoside__aac6I	0.000670269	0.004871035	0.00322487	0.003482873	0.000946006	0.003399508	0.001863463	0.001243619	0.001185041	0.001633372	0.001702355	0.00356148	0.001419101	0.000995918	0.001648848	0.001680702	0.002970343	0.003185878	0.000388447	0.002090824
aminoglycoside__aac6II	0.001331115	0.000830799	0.000571233	0.001414902	0.001591542	0.001347371	0.000576485	0	0.000279246	0.000355982	0.000556791	0.001970751	0.001499858	0.000728423	0.000348041	0.002047902	0.000312371	0.001176788	0.000139931	0.001015462
aminoglycoside__aad6	0	0	0	0.000111765	0	0	0	0	0.000094	0	0	0.000100954	0.000104075	0	0	0	0	0	0	0
aminoglycoside__aadA	0.017803963	0.02752052	0.015899793	0.011674545	0.013971154	0.009892928	0.008755081	0.008791202	0.008391159	0.007772668	0.017852715	0.020678032	0.020857711	0.015156824	0.017567268	0.0108378	0.01763369	0.006743256	0.011461365	0.01002719
aminoglycoside__aadB	0	0	0	0	0.000912563	0.000162867	0	0	0	0	0	0.000237735	0.0000844	0	0	0	0	0.000159724	0.000189995	0
aminoglycoside__aadD	0	0	0	0	0	0	0	0	0	0	0	0	0	0	0	0	0	0	0	0
aminoglycoside__aadE	0.000420546	0.000196671	0	0.000777217	0	0.000200191	0.000622171	0.000664357	0.002074859	0.000374221	0	0.001119698	0.000200171	0.000465381	0	0	0.000205145	0.000100167	0	0.000172293
aminoglycoside__aadK	0	0	0	0	0	0	0	0	0	0	0	0	0	0	0	0	0	0	0	0
aminoglycoside__ant2I	0.000774782	0.001191094	0.000290296	0.00076345	0.000528605	0.000287489	0.000310303	0.0000939	0	0.000105401	0.00024928	0.001541013	0.00069939	0	0	0	0.000242119	0.000142783	0.000265381	0.000202393
aminoglycoside__ant3Ihaac6IId	0.000237385	0.000293481	0.0000846	0.000129252	0.00028221	0.0000996	0	0	0.00011201	0.0000646	0.00018371	0.000329146	0.000111672	0.000217842	0.0000685	0	0.000321621	0	0	0.0000278
aminoglycoside__ant9I	0	0.000460894	0	0.000499674	0	0	0	0	0.0002143	0	0.000119551	0	0.000118697	0	0	0.000132695	0.000159438	0.000467291	0.000429917	0.000100122
aminoglycoside__aph2IV	0	0	0	0	0	0	0	0	0	0	0	0	0	0	0	0	0	0	0	0
aminoglycoside__aph2Ie	0	0.000432625	0	0	0	0	0	0	0	0	0.000380624	0	0	0	0	0.0000917	0	0	0	0.0000805
aminoglycoside__aph3III	0	0.000208026	0	0.000123856	0	0.000185631	0	0	0.000485463	0	0.000280545	0.000163699	0.0000544	0	0.000112711	0.000233543	0.0000571	0	0.000198189	0
aminoglycoside__aph3I	0.001215696	0.002184209	0.001451022	0.001460034	0.003534758	0.001652627	0.000634127	0.003288719	0.000512397	0.00178402	0.003498008	0.002951751	0.001568346	0.004142094	0.000490666	0.001874344	0.00011064	0.000560814	0.001493428	0.000759214
aminoglycoside__aph3_I	0	0	0.0010961	0	0	0	0	0	0	0	0.000446171	0	0.000122954	0	0	0	0	0	0	0.000160372
aminoglycoside__aph3IIb	0	0	0	0	0	0	0	0.000114153	0.0000889	0	0	0	0	0	0	0	0	0	0	0
aminoglycoside__aph4I	0	0	0	0	0	0	0	0	0	0	0.003434419	0	0	0	0	0	0	0	0	0
aminoglycoside__aph6I	0.000429174	0.001774417	0.001426948	0.000897539	0.003106803	0.001885994	0.000524643	0.000717699	0.0000933	0.000216206	0.000941366	0.003673338	0.000968687	0.002448719	0.000652129	0.000786917	0.000728169	0.000212615	0.001182045	0.000448824
aminoglycoside__bifunctionalaminoglycosideNacetyltransferaseandaminoglycosidephosphotransferase	0.000230621	0.000118199	0	0.000315556	0.000271413	0.000175495	0.00010147	0.0000663	0.000812898	0.000252294	0.00100142	0.00056745	0.000473746	0.000912607	0.000276842	0.000526935	0	0	0.000155771	0.000241359
aminoglycoside__rmtB	0	0	0	0	0	0	0	0	0	0	0	0	0	0	0.000231943	0	0	0	0	0
aminoglycoside__streptomycinresistanceprotein	0	0	0	0	0	0	0	0	0.000185779	0	0	0	0	0	0	0	0	0	0	0
aminoglycoside__streptothricinacetyltransferase	0	0	0	0	0	0.000195234	0	0	0	0	0	0	0	0	0	0	0	0	0	0
bacitracin__bacA	0.042068949	0.048459253	0.049974205	0.032854333	0.031818993	0.042117109	0.036146634	0.033718789	0.022195839	0.029240615	0.034893343	0.044202958	0.041025539	0.040566039	0.033934244	0.034098059	0.038057705	0.029953542	0.028647047	0.027148655
bacitracin__bcrA	0.000289597	0.000170402	0	0	0.000234494	0.000150732	0.000206899	0.000123376	0	0.0000553	0.000352112	0.000289298	0	0.0000553	0.0000846	0.000447052	0.000129028	0.000049	0.000137374	0.000129276
betalactam__ACT20	0	0	0	0	0	0	0	0	0	0	0	0	0	0	0	0	0	0	0	0
betalactam__AER1	0.000451472	0.000735654	0.000257834	0	0.000414695	0.000256034	0.00066998	0.000186281	0	0.0000984	0.001568378	0.000963317	0.000740792	0.000102428	0.00126181	0.001557019	0.000392663	0.000371988	0.000838306	0.000479843
betalactam__BEL2	0	0	0	0	0	0	0	0	0	0	0	0	0	0	0	0	0	0	0	0
betalactam__CARB12	0	0.000192656	0	0	0	0	0	0	0	0	0	0	0	0	0	0	0	0	0	0
betalactam__CARB3	0	0	0	0	0	0	0	0	0	0	0.0000952	0	0	0	0	0	0	0	0	0
betalactam__CARB5	0.000185348	0.000283087	0.000397222	0	0	0	0	0	0	0	0	0.00018891	0	0	0	0	0	0	0	0
betalactam__CARB6	0	0.000192656	0	0	0	0.000396378	0	0	0	0	0	0.000388964	0	0	0	0	0	0	0	0
betalactam__CARB7	0	0	0	0	0	0	0	0	0.000183746	0	0	0	0	0	0	0	0	0	0	0
betalactam__CARB8	0	0	0	0	0	0	0	0	0	0	0	0	0	0	0	0	0	0	0	0
betalactam__CARB9	0	0	0	0	0	0	0	0.000332238	0	0	0	0	0	0	0	0	0	0	0	0
betalactam__CMY10	0	0	0	0	0	0	0	0	0	0	0	0	0	0.0000851	0	0	0	0	0	0
betalactam__CMY11	0	0	0	0	0	0	0	0	0	0	0	0	0	0.0000868	0	0	0	0	0	0
betalactam__CMY111	0	0	0	0	0	0	0	0	0	0.000156992	0	0	0	0	0	0	0	0	0	0
betalactam__CMY19	0	0	0	0	0	0	0	0	0	0	0	0.000168209	0	0	0	0.0000555	0	0.0000514	0	0
betalactam__CMY2	0	0	0	0	0	0	0	0	0	0.0000757	0	0	0	0	0	0	0	0	0	0
betalactam__CMY37	0	0	0	0	0	0	0	0	0	0.0000801	0	0	0	0	0	0	0	0	0	0
betalactam__CMY41	0	0	0	0	0	0	0	0	0	0	0	0	0	0	0	0	0	0	0	0
betalactam__CMY51	0	0	0	0	0	0	0	0	0	0	0	0	0	0	0	0	0	0	0	0
betalactam__CMY79	0	0	0	0	0	0	0	0	0	0	0	0	0	0	0	0	0	0	0	0
betalactam__CMY99	0	0	0	0	0	0	0	0	0	0	0	0.0000746	0	0	0	0	0	0	0	0
betalactam__CTXM	0	0.0000817	0	0	0	0	0	0	0	0	0.0000736	0	0	0	0	0	0	0	0	0
betalactam__CTXM14	0	0	0	0	0	0	0	0	0	0	0	0	0	0	0	0	0.00020303	0	0	0
betalactam__CTXM15	0	0	0	0	0	0	0	0	0	0	0.0000994	0	0	0	0	0.0000684	0	0	0	0
betalactam__CTXM55	0	0	0	0	0	0	0	0	0	0	0	0	0	0	0	0.000108144	0	0	0	0
betalactam__CTXM62	0	0	0	0	0	0	0	0.000143156	0	0	0	0	0	0	0	0	0	0	0	0
betalactam__CfxA2	0.000342397	0.000421544	0.00049085	0.001124337	0.000200457	0.0009681	0.000147809	0.000259555	0	0.000389786	0.000625492	0.00043755	0.00017718	0.00091521	0.0000987	0.000750285	0.0000808	0.000539216	0.000320838	0.000226445
betalactam__CfxA3	0	0.0000882	0	0.00018835	0	0.000612472	0	0	0	0	0	0.0000868	0	0	0	0.000098	0	0	0.000162056	0.000215662
betalactam__FEZ1	0.000253239	0	0	0	0	0.00024534	0	0.000189273	0.0000676	0	0.000192875	0.0000807	0	0	0	0.0000592	0.000115444	0.0000696	0.000288813	0
betalactam__FOX2	0	0	0	0	0	0	0	0	0	0	0	0	0	0	0	0	0	0	0	0
betalactam__FOX5	0	0	0	0	0	0	0	0	0	0	0	0	0	0.0000937	0	0	0	0	0	0
betalactam__FOX8	0	0	0	0	0	0	0	0	0	0	0	0	0	0.0000886	0	0	0	0	0	0
betalactam__GES10	0	0	0	0	0	0	0	0	0	0	0	0	0.0000961	0	0	0	0	0	0	0
betalactam__GES11	0	0.0000513	0.000547093	0.000104966	0	0	0	0	0	0	0	0.0000987	0	0	0	0	0	0	0	0
betalactam__GES12	0	0.000246592	0.00013934	0	0.000112102	0	0	0	0	0	0	0	0.000132113	0	0	0	0	0	0.0000915	0
betalactam__GES13	0.000190508	0.000483319	0.00055736	0.000212813	0.000409517	0.000373652	0	0.000222264	0.000215732	0.000157372	0.000401207	0.000475516	0.000530454	0.000346714	0.000331321	0.000400563	0.000281482	0.000201032	0.000360677	0.00017057
betalactam__GES14	0.000767864	0.000881811	0.000136553	0.000320295	0.00067719	0.000689047	0.000199593	0.000337931	0.000357709	0.000416823	0.000298385	0.0000991	0.0007006	0.000330204	0.000277227	0.000223778	0.000829742	0.000492528	0.000269135	0.0000861
betalactam__GES15	0.001794274	0.002501424	0.001764045	0.001749799	0.002505147	0.001737684	0.000774181	0.001158946	0.001180072	0.001261102	0.000762091	0.001458248	0.002107805	0.001967073	0.001446992	0.000221541	0.001770817	0.000585002	0.000529115	0.000506542
betalactam__GES17	0	0	0	0.000404131	0.000219629	0.0000944	0	0	0	0.000178638	0.000116935	0	0	0	0	0	0	0	0.0000531	0.0000844
betalactam__GES18	0	0	0	0	0	0.0000522	0	0	0	0	0	0	0	0	0	0	0	0	0	0
betalactam__GES19	0	0.000386656	0	0.000737323	0.000112102	0.0000984	0	0.000335663	0.000182542	0	0	0.0000991	0.000100086	0	0	0	0.00010293	0	0.0000915	0
betalactam__GES20	0.0000972	0	0.00013934	0.000107482	0.000567376	0.000494185	0.000100805	0	0.000180699	0	0.000199595	0	0	0.000693428	0	0.000111889	0.00010293	0	0.000272797	0
betalactam__GES21	0.0000953	0.000398492	0.00021737	0.000268704	0.000100663	0.000578558	0.0000988	0	0.0000903	0.00031687	0.0000988	0.0000991	0	0.000115571	0	0.000219303	0	0	0	0
betalactam__GES3	0	0	0	0	0	0	0	0	0	0.000106332	0	0	0	0	0	0	0	0	0	0
betalactam__GES4	0.0000583	0.0000967	0.000437528	0.000341791	0.000464425	0.000325439	0.000453621	0.000666791	0.000182542	0.000104206	0	0.000198131	0.000196168	0	0.0000902	0.000094	0.00041172	0	0.0000897	0.0000965
betalactam__GES5	0.000192452	0.0000967	0	0.000318145	0	0.000100444	0.000403219	0.000446795	0.000180699	0	0	0	0.000100086	0.000325487	0	0	0.000987288	0.000201032	0.0000915	0
betalactam__IBC2	0	0	0	0	0	0	0	0	0	0	0	0	0	0	0	0	0	0	0	0
betalactam__IMP	0	0.000112775	0	0.0000828	0	0	0	0.000111132	0	0	0	0	0	0	0	0	0	0	0	0
betalactam__IMP11	0	0.00022647	0	0	0.00026264	0	0	0	0	0	0	0	0	0	0	0	0	0	0	0
betalactam__IMP13	0	0	0	0	0	0	0	0	0	0	0	0	0	0	0	0	0	0.0000985	0	0
betalactam__IMP16	0.00011113	0.000685853	0	0	0.000266911	0	0	0	0	0	0	0	0	0	0	0	0	0	0	0
betalactam__IMP18	0	0	0	0	0	0	0	0	0	0	0	0	0	0	0	0	0	0	0	0
betalactam__IMP19	0	0	0	0.000248282	0	0	0	0	0	0	0	0	0	0	0	0	0.000120085	0	0	0
betalactam__IMP2	0	0.000239358	0	0	0	0	0	0	0	0	0	0	0	0	0	0	0.000120085	0	0	0
betalactam__IMP20	0	0	0	0	0	0	0	0	0	0	0	0	0	0	0	0	0.0000858	0	0	0
betalactam__IMP21	0	0	0	0	0.00013132	0	0	0	0	0	0	0	0	0	0	0	0	0	0	0
betalactam__IMP22	0	0.0000783	0	0.000341075	0.000109433	0.000114841	0	0	0	0.0000992	0	0	0	0	0	0	0	0	0	0
betalactam__IMP24	0	0.000112775	0	0	0	0.000229682	0	0	0	0	0	0	0	0	0	0	0	0	0	0
betalactam__IMP28	0	0	0	0	0	0	0	0	0	0	0	0	0	0	0	0	0	0	0	0
betalactam__IMP29	0.00011113	0.000112775	0	0	0	0.000187496	0	0	0	0	0	0	0	0	0	0	0	0	0	0
betalactam__IMP33	0	0	0	0	0	0	0	0	0	0	0	0	0	0	0	0	0	0	0	0
betalactam__IMP37	0	0	0.00031928	0	0	0	0	0	0	0	0	0	0	0	0	0	0	0	0	0
betalactam__IMP4	0	0	0	0	0	0	0	0	0	0	0	0.000231153	0	0	0	0	0	0	0	0
betalactam__IMP5	0.000113398	0.000336022	0	0	0	0	0	0	0	0	0	0	0	0	0	0	0	0	0	0
betalactam__IMP7	0.00011113	0	0	0	0	0	0	0	0	0	0	0	0	0	0	0	0	0	0	0
betalactam__IMP8	0	0.000112775	0	0	0	0	0	0	0	0	0	0	0	0	0	0	0.0000858	0	0	0
betalactam__IMP9	0	0.000113235	0	0	0	0	0	0	0	0.000104631	0	0	0	0	0	0	0	0	0	0
betalactam__JOHN1	0	0.000378971	0	0	0	0	0	0	0	0	0	0	0	0	0	0	0	0	0	0
betalactam__KHM1	0	0	0	0	0.000122602	0	0	0	0	0	0	0	0	0	0	0	0	0	0	0
betalactam__LCR1	0.000918416	0.000679409	0.001771891	0.000979992	0.000702057	0.00024836	0.000609776	0.000245345	0.0002361	0.000234749	0.000990339	0.001581249	0.001321332	0.001353836	0.000766285	0.001086874	0	0.000714544	0.000697237	0.000460249
betalactam__LEN21	0	0	0	0	0	0	0	0	0	0	0	0	0	0	0	0.000323367	0	0	0	0
betalactam__LRA1	0	0	0	0	0	0	0	0	0	0	0	0	0	0	0	0	0.000100139	0	0	0
betalactam__LRA12	0	0	0	0	0	0	0	0	0	0	0	0	0	0	0	0.000109598	0	0	0	0
betalactam__LRA17	0.0000569	0	0	0	0	0	0	0	0	0	0	0	0	0	0	0	0.0000615	0	0	0
betalactam__LRA19	0	0	0	0	0.0000722	0	0	0	0	0	0.0000868	0	0	0.000338459	0	0	0	0	0	0.0000725
betalactam__LRA2	0.0000905	0	0	0.000102143	0	0	0	0	0	0	0	0.0000941	0	0	0	0	0	0	0	0.0000802
betalactam__LRA8	0	0	0	0	0	0	0	0.0000875	0	0	0	0	0	0	0.0000551	0	0	0	0	0
betalactam__MOX2	0	0	0	0	0	0	0	0	0	0	0	0	0	0	0	0	0	0	0.000132051	0
betalactam__MOX3	0	0	0	0	0	0	0.000145412	0	0	0	0	0.0000655	0	0	0	0	0	0	0	0
betalactam__MOX4	0	0	0	0	0	0	0	0	0	0	0.000139355	0	0	0	0.000167643	0	0	0	0	0
betalactam__MOX5	0	0.000147826	0	0.0000548	0	0.000150535	0	0	0	0	0	0.000291	0.0000735	0	0	0	0	0	0	0.0000568
betalactam__MOX6	0	0.000291218	0.000104414	0	0	0.000147524	0	0	0	0.00015936	0	0.000146985	0	0	0	0.0000838	0.0000787	0	0	0
betalactam__MOX7	0.000288427	0.000272	0.0000961	0.0000805	0	0.000147524	0	0	0	0.000156173	0.000146545	0.0001455	0.000221997	0	0	0.0000805	0.0000771	0	0	0.0000646
betalactam__NDM19	0	0	0	0	0	0	0	0	0	0	0	0	0	0	0	0	0	0	0	0
betalactam__NDM7	0	0	0	0	0	0	0	0	0	0	0	0	0	0	0	0	0	0	0	0
betalactam__NPS1	0.000105146	0.000106702	0.000150734	0.000427115	0	0	0.000109048	0.000250352	0.000201499	0	0.000320469	0.000104979	0.001674865	0.000505085	0	0.000358174	0	0.000213032	0.000200077	0.000188283
betalactam__OKPB	0	0	0	0	0	0	0	0	0	0	0.00019827	0	0	0	0	0	0	0	0	0
betalactam__OXA1	0.000479686	0.001046501	0.002118997	0	0.0000933	0.000134528	0	0	0	0.000108359	0.000416337	0.000772165	0.000882307	0	0.000150935	0	0.000256175	0	0	0.000431491
betalactam__OXA10	0.002328421	0.004870454	0.003610548	0.003921887	0.002869547	0.00203062	0.002857224	0.003415176	0.001638291	0.00215893	0.002574442	0.003048824	0.004570449	0.002629115	0.001449315	0.005225634	0.00247878	0.004445162	0.002642389	0.001650619
betalactam__OXA101	0	0.000319271	0.000150341	0	0.000246842	0.0000694	0	0.000119905	0	0.00022716	0	0	0	0	0	0	0	0	0	0
betalactam__OXA11	0	0	0	0	0	0	0	0	0	0	0	0	0	0	0.000121591	0	0.000111056	0	0.0000968	0
betalactam__OXA118	0.000167794	0.000202205	0	0.000294556	0.000120953	0	0	0.00019087	0.000155176	0.000114727	0	0.000209498	0	0	0	0	0.000113323	0	0.000193588	0.0000502
betalactam__OXA119	0.000622936	0.000523605	0.000294667	0.000895265	0.000607232	0.000429161	0.000287134	0.000721879	0.001179733	0.001250525	0.000215353	0.000506643	0.000209495	0.000475879	0.000238318	0	0.000564346	0.000960879	0.0000672	0.000278843
betalactam__OXA12	0	0.00010723	0	0.000114509	0	0	0	0	0	0	0	0	0	0.00025128	0	0	0	0	0	0
betalactam__OXA129	0.000156718	0.00114083	0.000296559	0.000115533	0.000853334	0.000317426	0	0.000314487	0.000194234	0.000114297	0.000424758	0	0.00071435	0	0.00115321	0.00023573	0.00011064	0	0	0
betalactam__OXA13	0.00050548	0.000487421	0.000147334	0.000115967	0.000362858	0.000145221	0.000106588	0.000721879	0.000194964	0.000339592	0.000293663	0.000489541	0.00042331	0	0	0.000478061	0.000897515	0.000861104	0.000389152	0.000364355
betalactam__OXA141	0	0	0	0	0	0	0	0	0	0	0	0.000101321	0	0	0	0.000343308	0	0	0	0
betalactam__OXA142	0.000102774	0.000106424	0	0	0.000120953	0.000197241	0.00024798	0	0	0.000112432	0.000187074	0.000164606	0.000317482	0.00012724	0	0.000296977	0.000333168	0.00040127	0.000343718	0.000321599
betalactam__OXA145	0.000105267	0	0	0	0	0	0	0.000240716	0	0	0	0	0	0	0	0	0	0	0.0000972	0
betalactam__OXA147	0.000408999	0.000210719	0	0.000227295	0.000599827	0.000424826	0.000430702	0.000714538	0.000294436	0.00022716	0.000108764	0.000530158	0.000215974	0	0	0.000236616	0.000333168	0.000212565	0.000487921	0
betalactam__OXA15	0	0	0	0	0	0	0	0	0	0	0.00017464	0.0000827	0	0	0	0	0	0	0	0
betalactam__OXA164	0	0	0.000282791	0	0	0	0	0	0	0	0	0	0	0	0	0	0	0	0	0
betalactam__OXA17	0.000205548	0.000295858	0.000628424	0.000215698	0	0	0.000108763	0.000239811	0	0	0.0000957	0.000209498	0.000095	0.000503871	0.000107	0.000357339	0	0.000212565	0.0000968	0
betalactam__OXA178	0	0	0	0	0	0	0	0	0	0	0	0	0	0	0	0	0	0.000206358	0	0
betalactam__OXA18	0.000198821	0	0	0	0	0	0	0	0.0002848	0	0	0	0	0	0	0	0	0.000511922	0	0
betalactam__OXA183	0	0	0	0	0.000241905	0	0	0.000119905	0	0	0	0	0	0.00012724	0	0	0.000111056	0	0.0000968	0
betalactam__OXA19	0.000205548	0	0	0	0	0	0	0	0	0	0.000106589	0	0	0	0	0	0	0	0	0
betalactam__OXA2	0.000131584	0.000371218	0	0	0.000151761	0.000133259	0.000403942	0.000268795	0.00037193	0.00043185	0.000191055	0.000399656	0.000222209	0.001130291	0.000448533	0.001126956	0.000287219	0.000133354	0.000314164	0.000300506
betalactam__OXA20	0	0.000210719	0	0.000231934	0.000123421	0	0.000106588	0.000122352	0.000190985	0.000114727	0	0.000106887	0	0	0	0	0	0	0	0.000185895
betalactam__OXA205	0.001096955	0.000764122	0.000484097	0.000134522	0.000170321	0.000212413	0.000187072	0.000494304	0.000716195	0.000357948	0.000419829	0.000209498	0.00016846	0.000251936	0.000238318	0	0.000419293	0.000212565	0.000195564	0.000254677
betalactam__OXA209	0.000804295	0.0006137	0.002431544	0.001492824	0.002475431	0.003396171	0.000686319	0.00039435	0.000569747	0.000162611	0.002709401	0.000892387	0.000616426	0.001882524	0.00023136	0.000288306	0.00119475	0.000522213	0.001286786	0.00314375
betalactam__OXA21	0	0.000891467	0.000689292	0.000886156	0	0.000207558	0.000208303	0	0.000190508	0.0000999	0	0.000508672	0	0.000103384	0.000922075	0.000114436	0.000964601	0.000623118	0.0000955	0.000201389
betalactam__OXA211	0	0	0	0	0	0	0	0	0	0	0	0.000307147	0	0	0	0	0	0	0	0
betalactam__OXA212	0	0	0	0	0	0	0	0	0	0	0	0	0	0	0	0	0	0	0	0
betalactam__OXA223	0	0	0	0.000105826	0	0	0	0	0	0	0	0	0	0	0	0	0	0	0	0
betalactam__OXA225	0	0	0	0.000108474	0	0	0	0	0	0	0	0	0.000206228	0	0	0	0	0	0	0
betalactam__OXA226	0	0.000102941	0	0	0	0.000102731	0.000174638	0	0	0.000110972	0	0.0000972	0	0	0	0.000116772	0.000186343	0.000197216	0	0
betalactam__OXA240	0.000104871	0	0	0	0	0	0	0	0	0	0	0.000106887	0	0	0	0	0	0	0	0
betalactam__OXA251	0	0.0000745	0	0.000113648	0.0000839	0	0.000228402	0.000119905	0	0.000160618	0	0.000104749	0	0	0.0000632	0	0.000113323	0.0000737	0	0.000130127
betalactam__OXA27	0	0	0	0	0	0	0	0	0	0	0	0	0	0	0.000232208	0	0	0	0	0
betalactam__OXA28	0.000104871	0.00020859	0	0.000115967	0	0.000108374	0	0.000119905	0	0.000112432	0.000106589	0.000314247	0	0	0.000243182	0	0	0	0.000485946	0
betalactam__OXA29	0	0	0	0	0	0	0	0	0	0	0	0	0	0	0	0.000239031	0	0	0	0
betalactam__OXA3	0.000152159	0.000203823	0.000645666	0	0	0	0.000309298	0.000229595	0.000481081	0.000110972	0	0.000299827	0.000307092	0.000369228	0.000115259	0.000116772	0.000646721	0	0.000187253	0.0000881
betalactam__OXA309	0	0	0	0.000135097	0	0	0	0	0	0	0	0.000203381	0	0	0	0	0	0	0	0
betalactam__OXA324	0	0	0	0	0	0	0	0	0	0	0	0.0001	0	0	0	0	0	0	0	0
betalactam__OXA331	0	0	0	0	0	0	0	0	0	0	0	0	0	0	0	0	0	0	0	0
betalactam__OXA334	0	0	0	0	0	0	0	0	0	0	0	0.0000975	0	0	0	0	0	0	0	0
betalactam__OXA34	0	0	0	0	0	0.000112169	0.00011032	0.000235545	0.000102955	0	0	0	0	0	0	0.00012495	0.000112599	0.000211029	0.000290329	0
betalactam__OXA35	0	0	0	0	0.0000889	0	0.000106588	0	0	0	0	0	0	0.00012724	0	0	0	0	0	0
betalactam__OXA354	0	0	0	0	0	0	0	0	0	0	0	0.000102063	0	0	0	0	0	0	0	0
betalactam__OXA36	0	0	0	0	0	0	0	0	0	0	0	0	0	0.000134833	0	0	0	0	0	0
betalactam__OXA37	0.000100677	0	0	0	0	0.000108374	0	0	0	0	0	0	0	0.000119606	0.000192114	0	0	0	0	0
betalactam__OXA4	0	0	0.000130404	0	0	0	0	0	0	0	0	0	0	0.00012263	0.000229684	0	0	0	0	0
betalactam__OXA46	0.01169946	0.005201991	0.005673852	0.004077396	0.002154932	0.002449252	0	0.008899912	0.005429158	0.006355877	0	0	0	0.000124695	0	0	0.002746938	0	0.000195564	0.001087488
betalactam__OXA47	0.000297151	0.000763104	0.000956297	0	0.00011657	0.00041779	0	0	0	0	0	0.000304921	0.000407973	0	0	0	0	0	0	0.000175577
betalactam__OXA5	0.00078568	0.001734571	0	0.000515275	0.001099252	0.000105809	0.000212377	0	0	0	0	0.000210843	0.000105431	0.000499449	0.000358561	0	0	0	0	0.000183347
betalactam__OXA53	0	0.000302646	0.000427536	0.000545154	0	0.000205461	0	0.000118348	0	0	0.000206201	0.0000558	0	0	0.00034813	0.000105094	0.000328841	0.0000839	0	0
betalactam__OXA56	0	0	0	0	0	0	0	0.000119905	0	0.0000872	0	0	0	0	0	0	0	0	0	0
betalactam__OXA58	0	0	0	0	0	0	0	0	0	0	0.00021377	0	0	0	0	0	0	0	0	0
betalactam__OXA7	0.000255886	0	0	0	0	0.000106206	0	0	0	0	0	0	0	0	0	0	0.0000612	0	0.0000514	0
betalactam__OXA84	0	0	0	0	0	0	0	0	0	0	0	0	0	0	0	0	0	0.000103179	0	0
betalactam__OXA9	0.000150926	0	0.001602263	0.000110329	0.000475299	0.000393845	0.00018755	0.000354718	0.0000948	0.000445577	0.001260501	0.001451055	0.001142683	0.000434114	0.00103352	0.000687897	0.000592285	0.000170856	0.000547562	0.000176858
betalactam__PBP1A	0	0.0000394	0	0	0.0000728	0	0	0	0	0	0	0.0000177	0	0	0	0.0000735	0	0.0000333	0	0
betalactam__PBP1B	0	0	0	0	0	0	0	0	0	0	0	0	0	0	0	0	0	0	0	0
betalactam__PBP2X	0	0	0	0	0	0	0	0	0	0	0	0	0	0	0	0	0	0	0	0
betalactam__PER1	0	0	0	0	0.000106591	0	0	0	0	0	0	0.000182776	0.000182793	0	0	0	0	0	0	0
betalactam__PER3	0	0	0	0	0	0	0	0	0	0	0	0	0.000182793	0	0	0	0	0	0	0
betalactam__PER4	0	0	0	0	0	0	0	0	0	0	0	0	0	0	0	0	0	0	0	0
betalactam__PER5	0	0	0	0	0	0	0	0	0	0	0	0	0	0	0	0	0	0	0	0
betalactam__PER7	0	0	0	0	0	0	0	0.000074	0	0	0	0	0	0	0	0	0	0	0	0.0000578
betalactam__PSE1	0	0	0	0	0	0	0	0	0	0	0	0	0	0	0	0	0	0	0	0
betalactam__RTG4	0	0	0	0	0	0	0	0	0	0	0	0	0	0	0	0	0	0	0	0
betalactam__RTG5	0	0.000188091	0.000131513	0	0	0	0	0	0	0	0	0.0000954	0	0	0	0	0	0	0	0
betalactam__SHV1	0	0	0	0	0	0	0	0	0	0	0	0	0	0	0	0	0	0	0	0
betalactam__SHV12	0	0	0	0	0	0	0	0.000116651	0	0	0	0	0	0	0	0	0	0	0	0
betalactam__SHV39	0	0	0	0	0	0	0	0	0	0	0	0	0	0	0	0	0	0	0	0
betalactam__SHV4	0	0	0	0	0	0	0	0	0	0	0	0	0	0	0	0	0	0	0	0
betalactam__SHV53	0	0	0	0	0	0	0	0.000131797	0	0	0	0	0	0	0	0	0	0	0	0
betalactam__SIM1	0.001837041	0.001930976	0.003176488	0.001675279	0.002108594	0.00165465	0.000230507	0.00097108	0.001142273	0.000838608	0.000679767	0.000231153	0.000896768	0.000272418	0.001030775	0.000146202	0.000487692	0.00022281	0.000209327	0.000198999
betalactam__TEM1	0.0000975	0	0.000155519	0	0.000130278	0	0	0	0	0	0.000214117	0	0	0	0	0	0	0	0	0.0000657
betalactam__TEM101	0	0	0	0	0	0	0	0	0	0	0	0	0	0	0	0	0	0	0	0
betalactam__TEM117	0	0	0	0	0.000129252	0	0	0	0.000102088	0	0.000111625	0.000109698	0	0	0.000249577	0	0	0	0.000103436	0
betalactam__TEM118	0	0	0	0	0	0	0	0	0	0	0	0.000108934	0	0	0	0	0	0	0	0
betalactam__TEM125	0	0	0	0	0	0	0	0	0	0	0	0	0	0	0	0	0	0	0	0
betalactam__TEM147	0	0	0	0	0	0	0	0	0	0	0	0	0	0	0	0	0	0	0	0
betalactam__TEM178	0	0	0	0	0	0	0	0	0	0	0	0	0	0	0	0	0	0	0	0
betalactam__TEM184	0	0	0	0	0	0	0	0	0	0	0	0	0	0	0	0	0	0	0	0
betalactam__TEM205	0	0	0.000137031	0	0	0	0	0	0.0000925	0	0	0	0	0	0	0	0	0	0	0
betalactam__TEM6	0.0000975	0	0	0	0	0	0	0	0	0	0	0	0	0	0	0	0	0	0.00009	0
betalactam__TEM63	0	0	0	0	0	0	0	0	0	0	0	0	0	0	0.000221653	0	0	0	0	0
betalactam__TEM75	0	0	0	0	0	0	0	0	0	0	0.000108631	0	0	0	0	0	0	0	0	0
betalactam__TEM89	0	0	0	0	0	0	0	0	0	0	0	0	0	0	0	0	0	0	0	0
betalactam__TEM91	0	0	0	0	0	0	0	0	0	0	0	0.0000994	0	0.0000757	0	0	0	0	0	0
betalactam__THINB	0	0	0	0	0	0	0	0	0	0	0	0	0	0	0	0	0	0	0	0
betalactam__VEB1	0.007873199	0.013372409	0.010475489	0.01307726	0.008955215	0.005117367	0.0009242	0.00632417	0.007966353	0.001564895	0.008050522	0.010212938	0.003339654	0.004017482	0.005730759	0.003533954	0.007300654	0.001284391	0.001656079	0.0029818
betalactam__VEB2	0.000828478	0.001206197	0.000791787	0.000408545	0.00183365	0.00047628	0.000284472	0.000746701	0.000520339	0.000200047	0.000861164	0.000568637	0.0000961	0.000556929	0.000216342	0	0.000199614	0.000189104	0	0.000081
betalactam__VEB3	0.001446104	0.001660651	0.002495734	0.002178906	0.002652753	0.000856147	0.000189648	0.001240874	0.000608832	0.000398053	0.001941006	0.001078319	0.000883834	0.00022413	0.000696623	0.000322196	0.000996056	0.000472761	0.000520182	0.000635054
betalactam__VEB4	0	0	0	0	0	0	0	0	0	0	0	0	0	0	0	0	0	0	0	0
betalactam__VEB5	0.000182862	0.0000928	0	0	0	0.0000945	0	0	0.0000814	0	0.0000948	0.0000951	0.000188295	0	0.000106008	0	0.00027825	0	0	0.00024476
betalactam__VEB6	0	0	0	0	0	0	0	0	0	0	0.000284474	0.0000932	0	0	0	0.000107399	0	0	0	0
betalactam__VEB7	0.000153007	0.000179888	0.00062059	0.000404418	0.000107603	0.000179328	0	0.000217697	0.000246011	0	0.000284474	0	0.00018061	0.00022413	0.000212016	0.000105251	0.000564566	0	0.000246032	0.000150494
betalactam__VEB8	0.000220181	0	0	0.000526156	0	0	0	0.0000893	0	0.0000837	0.000139334	0.0000685	0	0.000226394	0.000216342	0	0.000151223	0.00015823	0	0
betalactam__ampC	0	0	0	0	0.00020831	0	0	0	0	0.000232899	0.0000744	0.000127416	0.00015375	0	0	0	0	0	0	0
betalactam__ccrA	0	0	0	0	0	0	0	0	0	0	0	0	0	0	0	0	0	0	0	0
betalactam__classAbetalactamase	0.001312785	0.003623144	0.002248783	0.004269073	0.005537238	0.003234841	0.000790997	0.001850164	0.001082755	0.001948954	0.001753017	0.003846134	0.005296419	0.001642142	0.001418795	0.000449571	0.000803612	0.001733462	0.001662847	0.000844672
betalactam__classBbetalactamase	0	0	0	0	0	0	0	0	0	0	0	0	0.000113089	0	0.000499155	0	0	0	0	0
betalactam__classCbetalactamase	0	0.000217873	0	0.0000668	0.000169112	0	0.000208733	0	0	0	0.0000683	0.000643066	0.000296769	0	0	0	0.000158315	0.000125008	0.000137984	0
betalactam__mecA	0	0	0	0	0	0	0	0	0.0000776	0	0	0	0	0	0	0	0	0	0	0
betalactam__mecI	0	0	0	0	0	0	0	0	0	0	0	0	0	0	0	0	0	0	0	0
betalactam__mecR1	0	0	0	0	0	0	0	0	0.000525389	0	0	0	0	0	0	0	0	0	0	0
betalactam__metallobetalactamase	0.000253287	0.000316085	0.000105497	0.000624514	0.000290892	0.000360786	0	0.000337327	0.000167198	0.000329513	0.000862613	0.000467469	0.001070575	0.000583963	0.000148818	0.000253851	0.000649109	0.0000584	0	0.000474679
betalactam__penA	0	0	0	0	0	0.0000401	0.000126254	0	0	0	0	0	0.0000967	0	0	0	0	0	0	0
carbomycin__carA	0	0	0	0	0	0	0	0	0	0	0	0	0	0	0.0000329	0	0	0	0	0.0000251
chloramphenicol__catA	0	0	0	0	0	0	0	0	0	0	0	0	0	0	0	0	0	0	0	0
chloramphenicol__catB	0.000993622	0.002148766	0.00124923	0.000658074	0.001344467	0.002177161	0.00050147	0.00015188	0.000244435	0.00050281	0.001047036	0.002177069	0.002421074	0.000373917	0.000582177	0.00100924	0.001202881	0.000903906	0.000512943	0.000996028
chloramphenicol__catD	0	0	0	0	0	0	0	0	0	0	0	0	0	0	0	0	0	0	0	0.000233674
chloramphenicol__catQ	0	0.001504627	0.000361559	0.000656383	0.000830494	0	0	0	0.000120819	0	0.000121538	0.000127229	0.000501041	0	0.000289464	0	0.000272533	0.000131726	0.000470269	0.0000881
chloramphenicol__catS	0.000166694	0	0	0.000184331	0	0	0	0	0	0	0	0	0	0	0	0	0	0	0	0
chloramphenicol__cat_chloramphenicolacetyltransferase	0	0	0	0.000209528	0.000312516	0	0	0.000121463	0.000797778	0	0	0.000355398	0.000273456	0	0.000149511	0	0.000463342	0	0	0.00023191
chloramphenicol__chloramphenicolexporter	0.000249608	0.000186496	0.000132419	0	0.0000787	0	0.0000562	0.000313631	0.00055147	0	0.000118079	0.000724996	0.000348763	0	0.000587672	0	0	0.0000487	0.000065	0.0000578
chloramphenicol__cmlA	0.001739925	0.002365192	0.001609179	0.001480249	0.000716249	0	0.000266893	0.000529157	0	0.000223372	0.000143334	0.001209505	0.001973663	0.000620196	0.00148271	0.000542528	0.00035426	0.000586579	0	0.000656873
chloramphenicol__floR	0.000114621	0.00211054	0.002518219	0.00150571	0.000401436	0.001106005	0.000843581	0.000555855	0.000692923	0.000465315	0.00070323	0.002135205	0.000581602	0.000956733	0.000632454	0.000977673	0.001262458	0.0001828	0.000736156	0.00098162
fosfomycin__fosA	0	0	0	0	0	0	0	0	0	0.000165518	0	0.000157419	0	0.000240042	0	0	0	0	0	0
fosfomycin__fosX	0.000419486	0.000489549	0.000168381	0.000347901	0	0.000108374	0.000609073	0	0	0	0	0.000128264	0	0	0	0	0	0	0	0
fosmidomycin__rosA	0.002277526	0.002122824	0.003051249	0.001641086	0.001153298	0.003508369	0.002803444	0.002450947	0.001528927	0.002223227	0.002099037	0.002746426	0.002792621	0.003099875	0.003063443	0.002021784	0.002441216	0.002261671	0.001436122	0.001677667
fosmidomycin__rosB	0.002594559	0.004301984	0.00348747	0.002875058	0.003540818	0.004836483	0.003306385	0.003193877	0.002758349	0.004745153	0.002613369	0.002984231	0.00291026	0.003056666	0.002228486	0.002502821	0.003607079	0.003100378	0.002301849	0.001526544
kasugamycin__kasugamycinresistanceproteinksgA	0.000272542	0.000508105	0.000282286	0	0	0	0	0	0	0.000221335	0.0000699	0.000179499	0.000206607	0.000245476	0.000582888	0.000235254	0	0	0	0
macrolidelincosamidestreptogramin__ereA	0.001886308	0.005791654	0.004441385	0.003377722	0.002955014	0.003928944	0.002402292	0.005611159	0.004066717	0.0032837	0.0042494	0.005753272	0.002240085	0.002859211	0.004152622	0.00280795	0.004690711	0.003405163	0.003249526	0.002418239
macrolidelincosamidestreptogramin__ereB	0.000131823	0.000587794	0.000658556	0.00014577	0.0000768	0.000188514	0.000408762	0.000304485	0	0.0000626	0.000404623	0.000906563	0.000208408	0.000316649	0.00091549	0.000300429	0.000141007	0	0.000214445	0
macrolidelincosamidestreptogramin__erm35	0.000201353	0.000583202	0.000369838	0.000111328	0.000338174	0.000400984	0	0.000115011	0	0.000062	0	0.000502368	0.000313163	0	0.000350182	0.000118308	0	0	0.0000909	0
macrolidelincosamidestreptogramin__erm36	0	0	0	0	0	0	0	0	0	0	0	0.000101181	0	0	0	0	0	0	0	0
macrolidelincosamidestreptogramin__erm38	0	0	0	0	0	0	0	0	0	0	0	0	0	0	0	0	0	0	0	0
macrolidelincosamidestreptogramin__erm39	0	0	0	0	0	0	0.000115253	0	0	0	0	0	0.000114431	0.000264163	0.000126217	0	0	0	0	0
macrolidelincosamidestreptogramin__ermTR	0	0	0	0	0	0	0	0	0.000215595	0.000251172	0	0.000566297	0.000347532	0	0	0	0	0	0.000211911	0.0000997
macrolidelincosamidestreptogramin__ermA	0	0	0	0	0	0	0	0	0.000211675	0	0	0	0	0	0	0	0	0	0.000234621	0.000101745
macrolidelincosamidestreptogramin__ermB	0.001462446	0.002430682	0	0.001089856	0.000759424	0.000465946	0.00018768	0.000252395	0.001795322	0.000529152	0.002823555	0.000735111	0.00116398	0.002152424	0.001026636	0.000900209	0.001402153	0.002263063	0.000416074	0.000562949
macrolidelincosamidestreptogramin__ermC	0.000557916	0.002830871	0	0	0	0.00057655	0.000578619	0	0	0.000610348	0.000578625	0.000568637	0	0	0	0	0	0	0.001050908	0
macrolidelincosamidestreptogramin__ermF	0.002693099	0.004789067	0.00631731	0.004167851	0.004001312	0.002949939	0.001912054	0.002376083	0.002164501	0.002636427	0.008973038	0.004782112	0.00304308	0.002005307	0.002159455	0.001238613	0.004766346	0.003184132	0.003688053	0.00869433
macrolidelincosamidestreptogramin__ermG	0	0.000452475	0	0	0	0	0	0.000522866	0	0	0.000192085	0.000114194	0.000233093	0	0.000455986	0	0	0	0	0
macrolidelincosamidestreptogramin__ermT	0	0	0	0	0	0	0	0	0.000425086	0	0	0.000347242	0	0	0.000259806	0	0	0	0	0
macrolidelincosamidestreptogramin__ermX	0.00020652	0	0	0	0.000127168	0	0.000107491	0.000226903	0	0	0.000195849	0	0.000111265	0.000247895	0.000127839	0.000235197	0.00046705	0	0	0.000288822
macrolidelincosamidestreptogramin__lmrP	0	0	0	0	0	0	0	0	0	0	0.0000411	0	0	0	0	0.0000787	0	0	0	0
macrolidelincosamidestreptogramin__lnuA	0.000169801	0	0	0	0	0	0	0	0	0	0	0.000113021	0.000349691	0	0	0	0	0	0	0
macrolidelincosamidestreptogramin__lnuB	0	0.000646753	0	0.000686263	0.000240999	0	0	0.00024135	0.001331891	0	0.000392251	0.000287513	0	0	0	0	0	0	0	0.0000926
macrolidelincosamidestreptogramin__lsa	0	0.0000943	0.000162563	0.00024452	0	0.0000574	0	0	0.000772897	0.000306291	0.000175234	0.000171054	0.000114431	0	0.0000644	0.000064	0.00006	0	0.0000523	0
macrolidelincosamidestreptogramin__macA	0.002133478	0.005274654	0.003253542	0.001156919	0.001572182	0.002466839	0.000343641	0.001094721	0.000397368	0.000447408	0	0.000417128	0.000642262	0	0.00044167	0.00017138	0.001589264	0	0.0000672	0.000175488
macrolidelincosamidestreptogramin__macB	0.007099535	0.009538723	0.009554422	0.009969695	0.007380641	0.00907779	0.011508861	0.008888952	0.01002324	0.009326438	0.010457736	0.009519736	0.01012432	0.011925337	0.010902473	0.010938308	0.010445203	0.011513999	0.010333875	0.009596563
macrolidelincosamidestreptogramin__mefA	0.000314301	0.001023632	0.000623989	0.000545348	0.000218867	0.000140411	0	0.000409835	0.000130664	0.000290314	0.000762624	0.00027677	0.001227188	0.000245499	0.000529059	0.000719581	0.000781589	0	0.00019072	0.000576591
macrolidelincosamidestreptogramin__mphA	0.000728345	0.001663497	0.000384223	0.001969705	0.002187092	0.003894467	0.000319872	0.00100288	0.000473263	0.000695035	0.002196	0.002130177	0.000790907	0.001552974	0.001033826	0.000965702	0.002776636	0.002115205	0.001229362	0.001096422
macrolidelincosamidestreptogramin__msrC	0	0	0	0	0	0	0	0	0	0	0	0	0	0	0	0	0	0	0	0
macrolidelincosamidestreptogramin__srmB	0	0	0	0	0	0	0	0	0	0	0	0	0.0000334	0.0000394	0	0	0	0	0	0
macrolidelincosamidestreptogramin__tlcC	0	0	0	0	0	0	0	0	0	0.0000334	0	0	0	0	0	0	0	0.0000316	0.0000259	0
macrolidelincosamidestreptogramin__vatB	0	0.000392583	0	0.00025609	0	0	0	0.000153518	0	0	0	0	0	0	0	0.000145414	0	0.000258544	0	0
macrolidelincosamidestreptogramin__vatC	0	0	0	0	0	0	0	0	0	0	0	0	0.0000867	0	0	0	0	0	0	0
macrolidelincosamidestreptogramin__vatD	0	0	0	0	0	0	0	0	0	0	0	0	0	0	0	0	0	0	0	0
macrolidelincosamidestreptogramin__vatE	0	0.0000767	0	0	0.000165684	0	0	0	0	0	0	0	0	0	0	0	0	0	0	0
macrolidelincosamidestreptogramin__vatG	0	0	0	0	0	0	0	0.0000994	0	0	0	0	0	0	0	0	0	0	0	0.000146513
macrolidelincosamidestreptogramin__vgaD	0	0	0	0	0	0	0	0	0	0	0	0	0	0	0	0	0	0	0	0
multidrug__EmrBQacAfamilymajorfacilitatortransporter	0	0.000427897	0.000421439	0.000154236	0.000435629	0.000218424	0.000635369	0.000371772	0.002352096	0.0000587	0.000203631	0.000139972	0.000960011	0.001023188	0.000409266	0.000752056	0.000206369	0.000329534	0.0000283	0.000140737
multidrug__TolC	0.000246804	0.00057274	0	0.0002692	0.000229059	0.000363717	0.000172226	0.000652935	0.000106394	0.000113899	0.000399462	0	0	0.00060651	0.000169578	0	0.000212357	0.000115979	0	0
multidrug__acrA	0.000151456	0.000486208	0.000100732	0.0000711	0	0.000242676	0	0.000285424	0	0	0.000142834	0.000292284	0.000195741	0.00035086	0.000250902	0.000089	0	0.000557621	0.000138956	0.000162615
multidrug__acrB	0.003102585	0.004584469	0.004014178	0.002706546	0.002383833	0.003549549	0.002889355	0.002806571	0.001970412	0.002339854	0.002323358	0.003190406	0.002669869	0.002443871	0.002518964	0.002548905	0.003214445	0.002017795	0.002210888	0.001711086
multidrug__acrF	0.0000264	0.0000536	0	0.000117315	0.000155911	0.0000885	0.0000279	0.0000308	0.0000506	0	0.0000274	0.0000538	0.0000932	0	0.0000955	0.000031	0.000085	0	0.0000741	0
multidrug__adeB	0.000107771	0.000125087	0.000302925	0.0000292	0.000272923	0.000108553	0.000294871	0.0000295	0.0000255	0.0000441	0.000223276	0.0000829	0.00020527	0.000127942	0.0000926	0.000112282	0.000057	0.0000277	0.0000496	0.000154328
multidrug__adeC	0	0.0000887	0.0000808	0	0.000137691	0.000175937	0	0	0.000071	0	0	0.0000375	0.00013622	0	0.0000667	0	0	0	0	0
multidrug__adeJ	0.000483035	0.000821969	0.00119745	0.001114931	0.000275549	0.000484454	0.0000804	0.000201181	0.000089	0.000140761	0.000170634	0.000512204	0.000371954	0.000214976	0.0000605	0	0.000309985	0	0.0000412	0.0000463
multidrug__adeK	0	0.000478859	0.000172885	0.000189933	0.000905672	0.000249251	0	0.0000565	0.000173315	0	0.000186979	0.0000608	0.000124181	0	0	0.0000687	0	0	0.0000574	0
multidrug__amrB	0.000534241	0.00065854	0.000572171	0.00037686	0.000742067	0.000359539	0.00125156	0.000787809	0.000502205	0.000562295	0.001057022	0.000840018	0.001258739	0.00094702	0.001261638	0.00100262	0.000478755	0.000502273	0.000856939	0.001105764
multidrug__bicyclomycinmultidrug_efflux_protein_bcr	0.000281099	0.00047049	0	0.0000434	0	0.000142681	0	0	0	0	0	0.000265024	0	0.000496396	0	0	0	0	0	0
multidrug__bpeF	0.0000773	0.000386343	0.0000663	0.0000576	0.000047	0.000204319	0.000146155	0.000148465	0.0000484	0.00011275	0.000185422	0.000396063	0.000122912	0.000155672	0.000170099	0.0000896	0.000156259	0.0000707	0.000227812	0.0000457
multidrug__ceoB	0.000433853	0.00042651	0.000191609	0.000313891	0.000370503	0.000593008	0.00055184	0.000312236	0.0000991	0.000310616	0.000310303	0.000448683	0.000788604	0.000470387	0.000339016	0.000444267	0.000230114	0.000331365	0.000414428	0.000383893
multidrug__cmeB	0.000273057	0.00042953	0.000125355	0.000291862	0.000320724	0.000426868	0.000644827	0.000366765	0.000173004	0.000356819	0.000259269	0.000197383	0.000421478	0.000239525	0.0000616	0.000234666	0.000239991	0.000466562	0.000404267	0.000268701
multidrug__emrA	0.000093	0.000121945	0.000438871	0.000333599	0.000909139	0.00023949	0.000434706	0.000250138	0.000163982	0.000334073	0.0000608	0.000433698	0.000604208	0.00066615	0.000311822	0.000119232	0.000120575	0.000328424	0.000156289	0.000139469
multidrug__emrB	0.000370172	0.001237691	0.000910549	0.001140887	0.000421295	0.000698014	0.000705156	0.00025106	0.000278695	0.000529958	0.000596983	0.001526885	0.000960199	0.001360464	0.000225018	0.000486241	0.000481638	0.000314601	0.000818171	0.000658977
multidrug__emrD	0	0.000358321	0	0	0.00016073	0	0	0	0	0.000315532	0.000584883	0.000180405	0.000141904	0.00025771	0.000167159	0	0	0.000273287	0	0
multidrug__emrE	0.000124973	0.000172117	0.000955545	0.000763337	0	0	0.000323635	0	0.000116601	0	0.00013887	0.000597551	0.00023856	0	0	0	0.000318972	0	0.000284992	0.000385528
multidrug__emrK	0	0	0	0	0	0.000146	0	0	0	0	0.0000718	0	0	0	0	0	0	0	0	0
multidrug__major_facilitator_superfamily_transporter	0	0.000797015	0.0000829	0	0.000209885	0.000306331	0.0000774	0.0000348	0.000218554	0.000489445	0.000115592	0.000412661	0.000182398	0.000184215	0	0.000180161	0.0000638	0.000104675	0.0000251	0.0000927
multidrug__mdfA	0.0000682	0.000597847	0.001272491	0.001545467	0.000691422	0	0	0.000078	0	0.000117139	0.000226124	0.000441787	0.000273566	0	0	0.00053438	0.000150719	0.000132728	0	0
multidrug__mdtA	0	0.000123056	0	0.000281541	0	0	0	0	0	0	0	0	0.000553035	0.000142889	0	0.000158955	0.000134515	0.000137973	0.000124083	0
multidrug__mdtB	0.003868282	0.004664355	0.004350037	0.005912144	0.004828514	0.006203148	0.0084066	0.00552134	0.004215854	0.005966331	0.006131863	0.006975441	0.008896121	0.00810905	0.006053939	0.007576526	0.006973784	0.008783313	0.007247605	0.006730432
multidrug__mdtC	0.002962275	0.003462603	0.003738954	0.004775454	0.00323526	0.003334337	0.006260295	0.00333937	0.002557556	0.003268059	0.004128714	0.005328745	0.006257892	0.006775664	0.005245231	0.005943017	0.003284621	0.005417363	0.004929368	0.00456331
multidrug__mdtD	0	0	0	0	0	0	0.0000393	0	0.0000337	0.0000635	0	0.000159363	0.000119533	0.000214142	0	0	0.000126719	0.00019477	0	0
multidrug__mdtE	0	0	0.00051454	0	0.0000431	0	0	0	0	0	0	0.00018291	0.000158394	0.000148122	0	0	0	0	0	0.0000719
multidrug__mdtF	0.000366823	0.000783972	0.000276035	0.000525891	0.000498762	0.000746006	0.000281644	0.000318172	0.000297461	0.000484322	0.000475346	0.000382065	0.000361639	0.000333532	0.000115341	0.000291617	0.000374841	0.000287525	0.000327705	0.000331267
multidrug__mdtG	0.000279954	0.000246041	0.000190525	0.000150809	0.000158881	0.000115875	0	0.000159112	0.000128406	0.000114542	0.000141442	0.000627386	0.000111274	0	0.000312287	0	0.0000536	0	0	0
multidrug__mdtH	0	0.000380519	0.000171104	0.000132299	0.0000539	0.000123636	0.000426048	0	0	0.000139838	0.000307092	0	0.000708826	0.000357188	0.000159302	0	0.00014697	0	0	0
multidrug__mdtK	0.0000634	0.000652805	0.000448904	0.000592262	0.000909505	0.000381245	0	0	0	0.0000708	0.000370714	0.000417323	0.00070576	0.000153916	0	0.000138332	0	0.000494395	0	0.000108202
multidrug__mdtL	0	0.000141183	0	0	0	0.000224826	0	0	0	0	0	0.0000705	0.000131563	0.000464192	0	0	0	0.000578437	0	0
multidrug__mdtM	0	0	0	0	0	0	0.000139715	0	0	0	0	0.00020476	0.000277127	0	0	0.000278308	0	0	0	0
multidrug__mdtN	0	0.0004224	0	0	0	0	0	0	0	0	0	0	0	0.000197352	0	0.000322058	0	0	0	0
multidrug__mdtO	0	0	0	0	0	0	0	0	0.000024	0.0000876	0	0	0.0000841	0	0	0	0	0.0000828	0	0
multidrug__mdtP	0	0.000113699	0	0.000125542	0	0	0.0000581	0	0.0000531	0	0	0	0	0.000137326	0	0	0	0	0	0
multidrug__mexA	0.0000452	0.0000522	0	0.000112005	0.0000531	0	0.0000514	0.0000484	0.000135406	0	0	0.0000429	0.000054	0.0000833	0	0.0000593	0.000141748	0	0	0.0000677
multidrug__mexB	0.001470436	0.002412689	0.00158174	0.001134735	0.001211426	0.00129826	0.00083694	0.00105206	0.00050593	0.001174172	0.000729606	0.001007841	0.000831959	0.000995083	0.000856999	0.001010477	0.000927855	0.00048156	0.000805062	0.000670978
multidrug__mexC	0.001467593	0.000780507	0.000578675	0.000631291	0.000783848	0.000921078	0.000565163	0.001204914	0.0000861	0.000380087	0.001268571	0.000371745	0.000468126	0.000393144	0.000522371	0.000449737	0.0008648	0.0000537	0.000474212	0.000442095
multidrug__mexD	0.002213621	0.001625628	0.001791919	0.001102644	0.001654405	0.00165436	0.001860517	0.001744079	0.001319111	0.001369178	0.000734832	0.001413739	0.001540066	0.001031175	0.001629355	0.001521808	0.00209473	0.00138615	0.001442642	0.001069998
multidrug__mexE	0.000133031	0.0000699	0	0	0.0000825	0.000238012	0.0000539	0.000229542	0.00017156	0	0.0000399	0.000801738	0.000267572	0.000355802	0.000346492	0.000142004	0	0.000144965	0.00010118	0.0000761
multidrug__mexF	0.003055848	0.004409599	0.005117167	0.006167907	0.004847252	0.004736197	0.00429253	0.00343792	0.003958933	0.00549621	0.003184929	0.00398914	0.004629492	0.006851436	0.004313444	0.005256417	0.005771026	0.003852828	0.004208144	0.003770112
multidrug__mexG	0.0000648	0.0000658	0	0	0.000305087	0	0.00026447	0.000151223	0.0000588	0.0000709	0.0000658	0.000254164	0.000249527	0.000213674	0.0000751	0.001180691	0.00007	0.0001253	0.000180459	0.0000574
multidrug__mexH	0	0	0	0	0	0	0	0	0	0	0	0.000043	0	0	0	0	0	0	0	0
multidrug__mexI	0.000443514	0.00042862	0.000992575	0.000999461	0.000674467	0.000691411	0.001122375	0.001389124	0.001051178	0.001016653	0.00094863	0.00074492	0.000556626	0.000532193	0.000867514	0.001269508	0.001294806	0.000842173	0.000599497	0.000826059
multidrug__mexT	0.003941025	0.005086963	0.002905091	0.003210359	0.002532116	0.001486061	0.001815001	0.003129472	0.001449237	0.002033256	0.002805188	0.003069605	0.002495533	0.002368185	0.001783299	0.001317673	0.001432976	0.001355596	0.000769814	0.000742474
multidrug__mexW	0.000676511	0.001317468	0.001759393	0.000997229	0.001305963	0.001076236	0.001195517	0.001161794	0.000820068	0.001306582	0.000826023	0.000933372	0.000982128	0.0012187	0.001077241	0.001093843	0.001049815	0.001068877	0.001090107	0.001240085
multidrug__mexY	0.000121727	0.000150552	0.000202786	0.0000956	0.000174615	0.0000712	0.0000543	0.000100878	0.0000253	0.000066	0.000164347	0.000185452	0.000196759	0.000108794	0.000185643	0.000182474	0.0000473	0.000285918	0.000109113	0.000201512
multidrug__mtrE	0.000037	0	0	0	0	0.0000617	0	0	0	0	0	0	0	0.0000681	0	0	0	0	0	0
multidrug__multidrug_ABC_transporter	0.002071713	0.002184351	0.001821448	0.001964955	0.002566018	0.002029117	0.001833269	0.001573064	0.002108531	0.00231291	0.002231458	0.002057789	0.002690361	0.002264681	0.00203205	0.002150405	0.001797423	0.001244417	0.001103774	0.00183678
multidrug__multidrug_transporter	0.010568039	0.01221168	0.012267691	0.010675922	0.009399728	0.011437647	0.007055002	0.00873338	0.005648206	0.007403475	0.006208978	0.007544916	0.007854944	0.007675741	0.006436651	0.006272767	0.011850327	0.007643582	0.006083854	0.004376012
multidrug__opcM	0	0	0	0	0	0	0	0	0	0	0	0	0	0	0	0	0	0.000112688	0	0
multidrug__oprA	0	0	0.000142602	0	0.0000394	0.0000503	0	0.0000404	0.0000472	0	0.000218666	0	0.000104656	0.000268931	0.0000527	0	0	0	0	0
multidrug__oprC	0.000236831	0.000158428	0.000245627	0.000157759	0.00026414	0.000320468	0.00033814	0.000159838	0.000115844	0.0000922	0.000240482	0.000213239	0.000135968	0.000211752	0.000221231	0.000357798	0.000273513	0.000217825	0.000122361	0.000205825
multidrug__oprJ	0.000796818	0.000429196	0.000324064	0	0.000132982	0.000148443	0	0.00019637	0.000255312	0.000247475	0	0.000229935	0.000193085	0	0.0000392	0	0.000491841	0.000117675	0.0000534	0.0000382
multidrug__oprM	0.000701783	0.001747112	0.001796215	0.001393731	0.001108211	0.000744242	0.000479017	0.000792155	0.000239953	0.000555936	0.000479662	0.001055485	0.001423604	0.000615021	0.0000648	0.000134487	0.000816711	0.000155004	0.000110917	0.000371381
multidrug__oprN	0	0.0000444	0.000164368	0	0	0	0.0000432	0	0.0000426	0	0	0	0.0000596	0	0	0	0	0	0	0.0000314
multidrug__qacB	0	0	0	0	0	0	0	0	0.000202821	0	0	0	0	0	0	0	0	0	0	0
multidrug__qacEdelta1	0.014724135	0.019712707	0.012184958	0.00863185	0.015404413	0.008282259	0.003753479	0.017727519	0.006603354	0.006087555	0.011763698	0.014873576	0.011929452	0.008735188	0.010518569	0.006053845	0.012765243	0.007595819	0.008489505	0.008036405
multidrug__sdeY	0	0.0000264	0	0.000017	0	0	0	0	0	0	0	0	0	0	0	0	0	0.0000274	0.0000135	0
multidrug__smeB	0.000204232	0.000212113	0.00035454	0.000251718	0.0000983	0.000296794	0.000135691	0.000292881	0.000174547	0.000282191	0.000103149	0.000107331	0.00043703	0.0000994	0.0000296	0.000201428	0.000316093	0.000114952	0.0000932	0.0000919
multidrug__smeD	0.001907213	0.00195125	0.00180413	0.001111859	0.001701461	0.002304586	0.000718695	0.001914746	0.000638316	0.000775132	0.000515476	0.000122676	0.000867756	0	0.000131343	0.000204156	0.002737035	0.000514541	0.000332076	0.000738114
multidrug__smeE	0.000305245	0.000186184	0.000149965	0.000144745	0.0002437	0.000217315	0.00012852	0.000155218	0.000289527	0.0000763	0.0000545	0	0.0000276	0	0.000126263	0.0000895	0.000258541	0.000104852	0	0
multidrug__smeF	0.0000476	0	0	0	0	0	0.0000842	0	0	0	0	0	0	0	0	0	0	0	0	0
multidrug__ykkD	0	0	0	0	0	0	0	0	0	0	0	0	0	0	0	0	0	0	0	0
polymyxin__arnA	0.000854626	0.001182103	0.000420507	0.001143216	0.001170937	0.000683997	0.001874376	0.001151922	0.001180251	0.001084754	0.00147637	0.001809301	0.001531108	0.001684091	0.001583836	0.001762278	0.000813883	0.001862011	0.001810427	0.000735729
polymyxin__icrMo	0.0000998	0.000321314	0	0	0.000117421	0	0	0	0.0000251	0	0.000218568	0.000179515	0.000103786	0.000158112	0.0000578	0	0.0000385	0	0	0
polymyxin__mcr15	0	0	0	0	0	0	0	0	0	0	0	0	0	0	0	0	0	0	0	0
polymyxin__mcr3	0.000102096	0.000103607	0.00050709	0.000112897	0.000120154	0	0	0	0.0000959	0	0.000316586	0.000966999	0.000105129	0.000925914	0.000442402	0.00011634	0	0.000105581	0.0000486	0
polymyxin__mcr4	0	0	0	0.000111757	0.000034	0	0	0	0	0	0.0000385	0	0	0	0	0	0	0	0	0
polymyxin__mcr5	0.000149934	0.000350883	0.000191545	0	0.000237672	0.000472201	0.0000518	0	0.0000474	0	0.000313113	0.0000426	0.000297223	0.000122514	0	0	0	0	0.000233428	0.000481826
quinolone__abaQ	0	0	0	0	0	0	0	0	0.0000427	0	0	0	0	0	0	0	0	0	0	0
quinolone__norB	0	0	0	0	0	0	0	0	0	0	0	0	0	0	0	0	0	0	0	0
quinolone__qepA	0	0	0	0	0	0.000053	0.000108703	0.0000408	0.0000321	0.000149302	0.0000317	0.0000356	0	0.00017486	0.000202541	0.0000754	0	0	0.0000278	0.000061
quinolone__qnrB	0	0	0	0	0	0	0	0	0	0	0	0	0	0	0	0	0	0	0	0
quinolone__qnrS	0.000125403	0.000638894	0.000234807	0.000277342	0.000298181	0	0	0.000256783	0	0	0.000814853	0.001836333	0.000614021	0.001521513	0	0	0.000273783	0	0	0
rifamycin__ADPribosylatingtransferase_arr	0.005210728	0.005030824	0.003659073	0.002402935	0.004968468	0.004569001	0.001265505	0.001516504	0.00392187	0.002401166	0.002337718	0.003963028	0.005249822	0.001861804	0.00177525	0.001937318	0.001685965	0.001297084	0.002180506	0.004473704
rifamycin__rifampinmonooxygenase	0.0000933	0.0000527	0	0.000342278	0.000159052	0.000252667	0.0000587	0.0000654	0.000232823	0.000101093	0.0000867	0	0	0.000104399	0.000124551	0.000172313	0.0000487	0	0.000145778	0.000169946
sulfonamide__sul1	0.039340582	0.050364923	0.03900313	0.030210755	0.045701939	0.035183144	0.031617779	0.047771446	0.030732984	0.028677348	0.046690872	0.050436234	0.041828237	0.034552471	0.040650861	0.027306021	0.046982389	0.028273025	0.037888415	0.042690938
sulfonamide__sul2	0.014376974	0.014820093	0.011936767	0.013860278	0.013758797	0.027206234	0.015880272	0.014092084	0.006480969	0.008607744	0.015871913	0.012857657	0.012048705	0.012793985	0.013660733	0.017296614	0.017482118	0.018839798	0.011788128	0.016669536
sulfonamide__sul3	0.000835814	0.000213123	0.000298029	0.000061	0	0	0	0	0.000450716	0	0	0.000211888	0	0	0.000184467	0.0000635	0	0.000206214	0.0000979	0
sulfonamide__sul4	0.005406149	0.006012888	0.001917319	0.005303138	0.004413177	0.00410214	0.001290301	0.004826294	0.004696319	0.002841201	0.002370951	0.001824791	0.000892765	0.000492947	0.001516862	0.002935971	0.003615155	0.001344903	0.001003305	0.001903841
tetracenomycin_C__tcmA	0	0	0	0	0	0	0	0	0	0	0	0	0	0	0	0.0000298	0	0	0	0
tetracycline__otrA	0	0.0000427	0	0	0.000196089	0	0	0	0	0	0.000247857	0	0	0.000102099	0.0000478	0	0	0.000114	0.00019655	0.0000731
tetracycline__tet32	0.000288999	0.000615792	0.000183994	0.0001902	0.000249693	0.000301358	0.0000444	0.000100846	0.000204553	0.0000325	0.000588586	0.000260737	0.000352427	0.000104875	0.000100218	0.000183929	0.0000274	0.000210379	0.000120879	0.000153994
tetracycline__tet34	0	0	0	0	0.000409309	0	0	0.000207109	0	0	0	0	0.000910234	0	0	0	0	0	0	0.000150913
tetracycline__tet35	0	0	0	0	0.0000801	0.000075	0	0	0.0000617	0	0	0	0	0	0	0	0	0.000128214	0	0
tetracycline__tet36	0.000643347	0.002351392	0.001290946	0.000934092	0.000636081	0.000791855	0.000489114	0.000550226	0.000324955	0.000566479	0.000876979	0.000725013	0.00108974	0.000210479	0.000847998	0.000144505	0.00085062	0.000573355	0.000162562	0.000305188
tetracycline__tet37	0	0	0.001096038	0	0	0	0	0.000222999	0	0	0	0	0.000239372	0	0	0	0	0	0	0.000173984
tetracycline__tet39	0.000590402	0.001586721	0.001251351	0.001936735	0.000535254	0.000578009	0.0000483	0.000247183	0.000131292	0.0000464	0.000867205	0.000970282	0.000846467	0.000335889	0.0011054	0.000321935	0.000152627	0	0.0000372	0.0000363
tetracycline__tet40	0.0000673	0.000138057	0	0.000171711	0	0	0.000282184	0	0	0	0.00054157	0.000413172	0	0.00021508	0	0	0	0.000351008	0	0.000298394
tetracycline__tet41	0	0	0	0	0.0000785	0	0	0	0	0	0	0	0.000116945	0	0	0.0000768	0	0	0	0
tetracycline__tet43	0.0000537	0.00015818	0	0.000232988	0.00024923	0.000215512	0.0000557	0	0.000126434	0.0000365	0	0	0	0.000129123	0.000198172	0	0	0.00003	0.000223748	0
tetracycline__tet44	0.000333006	0.000219392	0	0.000273769	0.000200058	0.000242331	0.0000886	0.000100688	0	0.00018978	0.0000886	0.000175034	0.000175938	0.000104711	0.0000991	0	0.000369262	0.00035429	0	0.0000765
tetracycline__tetA	0.002272128	0.003741985	0.002161925	0.002827399	0.002403523	0.002872869	0.001063032	0.001940687	0.002270949	0.003717865	0.003173686	0.003037338	0.002381653	0.001927278	0.001720908	0.001695046	0.002143219	0.001582444	0.001412482	0.000981374
tetracycline__tetC	0.003517519	0.008852814	0.003523357	0.002704245	0.004648504	0.002435134	0.003482155	0.002337234	0.002645888	0.004472281	0.003959454	0.006311987	0.00648123	0.0075043	0.002955196	0.000994301	0.006459093	0.002456611	0.002411956	0.002365858
tetracycline__tetD	0	0	0	0	0	0	0	0	0	0	0	0	0	0	0	0	0	0	0	0
tetracycline__tetE	0.00011277	0.001157831	0.001274489	0.000562786	0.001272026	0.002049213	0.0000371	0.000236258	0.000129357	0	0.000495563	0.001531737	0.000130306	0.001192181	0.000702766	0.000391689	0.00158439	0	0.000127147	0.000239305
tetracycline__tetG	0.002054771	0.001681464	0.00088596	0.000602743	0.001556957	0.000823125	0.000951301	0.001160364	0.001159318	0.000776451	0.002142132	0.001883362	0.003080524	0.001012932	0.00248184	0.001628836	0.000907759	0.001126843	0.001681938	0.001818638
tetracycline__tetH	0	0.0000694	0	0	0	0	0	0	0	0	0	0.000139316	0	0	0	0	0	0.000109623	0	0
tetracycline__tetL	0.000130113	0.000126992	0	0	0	0.000266222	0	0	0.000242546	0	0.000129251	0	0	0	0	0	0	0	0	0
tetracycline__tetM	0.000420567	0.000996373	0.000244849	0.000555526	0.000188765	0.000893246	0.000135826	0.0000293	0.000407129	0.000338799	0.000492249	0.001173076	0.000861357	0.000335605	0.000283179	0.000692498	0.000507227	0.000267262	0.000213525	0.000118834
tetracycline__tetO	0.00012922	0.000614906	0.000122663	0.00037847	0.000201399	0.000221958	0	0.000149741	0.0000812	0.0000468	0.000625712	0.000436934	0.000354225	0	0.000454526	0.000247249	0	0.000291641	0.00024258	0.000114528
tetracycline__tetP	0.0003218	0.000994191	0.000206086	0.000630426	0.000201411	0.000210719	0.000182815	0.000361805	0.000414044	0.000573404	0.000242277	0.000475657	0.000332541	0.001230376	0.000805726	0.000319152	0.000307453	0.000199105	0.000573757	0.000243188
tetracycline__tetQ	0.001087983	0.002564024	0.000542345	0.0012702	0.000499861	0.000531381	0.0002633	0.00054353	0.00048511	0.000839187	0.001133348	0.001018283	0.000262036	0.001636431	0.000816825	0.000492761	0.000908836	0.00123809	0.0000295	0.000566212
tetracycline__tetR	0	0.000104155	0	0	0	0.000273102	0	0.000245736	0	0	0	0	0.000517275	0.000163885	0	0	0	0.000212859	0	0
tetracycline__tetS	0	0.0000874	0	0.000094	0.0001	0	0.000178032	0	0	0	0.000265478	0	0.000266943	0.000208608	0	0	0	0	0	0
tetracycline__tetT	0	0	0	0	0	0	0	0	0	0	0.000607956	0	0	0	0	0	0.0000269	0	0	0
tetracycline__tetV	0.000200033	0	0.0000934	0	0	0.0000674	0	0	0	0.0000716	0	0	0.000480612	0	0.0000739	0	0	0	0	0.0000832
tetracycline__tetW	0.000744761	0.000722934	0.000600798	0.00034943	0.000132553	0.000212935	0.000178385	0.000149741	0.000433951	0.00017957	0.000757012	0.000132524	0.000959285	0.000730945	0.000303692	0.000325645	0.000142464	0.000399087	0.000241758	0.000563294
tetracycline__tetX	0.000887947	0.001739721	0.000782338	0.001066437	0.000333815	0.000147109	0.000588734	0.000404714	0.000718409	0.00035023	0.00087578	0.000968295	0.000605808	0.000687883	0.000497673	0.000163057	0.000145252	0.0001476	0.0004043	0.000682643
tetracycline__tetX2	0.010525491	0.016028352	0.012285193	0.009203568	0.007316547	0.007715243	0.002350085	0.005510572	0.006739871	0.006561301	0.00928583	0.009677097	0.008025111	0.008412699	0.005921391	0.003227003	0.003939348	0.001632846	0.00394841	0.004342798
tetracycline__tetX3	0.000878201	0.001258165	0.00167368	0.000886245	0.000519374	0.000448427	0.000226549	0.000256577	0.000278594	0.001117356	0.001362371	0.000744644	0.000372356	0.000354576	0.001009655	0.000676225	0.000156301	0.0002259	0.000893827	0.000259014
tetracycline__tetX4	0.00028403	0.000795585	0.00061492	0.000887758	0.0000836	0.000371388	0	0.0000845	0.000540185	0.0000777	0.000662789	0.000728151	0.000222336	0.000344613	0.0000823	0.000328629	0.000540239	0.000296723	0.000133752	0.000428979
tetracycline__tetX5	0.000212471	0.000434165	0.000304592	0.000396378	0.0000834	0.000219567	0	0	0.000134354	0	0.000146905	0.000360923	0.000145855	0.00017186	0	0	0.000231155	0	0	0.000125542
tetracycline__tetX6	0.000997311	0.00180853	0.001632776	0.000634525	0.000335104	0.000367438	0.000146903	0.000166944	0.00027282	0.000468039	0.000809475	0.00087358	0.000293199	0.000522595	0.000328459	0.000410969	0.0000765	0.000295954	0.000133405	0.000508573
tetracycline__tetY	0	0	0	0	0	0	0	0	0	0	0	0	0	0.000154438	0	0	0	0	0	0
tetracycline__tetZ	0	0	0	0	0	0	0	0	0.0000413	0	0	0	0.000122678	0	0	0	0.0000487	0	0	0
tetracycline__tetracycline_resistance_protein	0.000238298	0.000540042	0.000362667	0.000379224	0.000314156	0.000394291	0.0000444	0.000125673	0.000247193	0.000450949	0.000222757	0.000597362	0.000653833	0.000352694	0.000157345	0.0000492	0.000186807	0.000160239	0.000230043	0.000191138
trimethoprim__dfrA1	0	0.001079299	0	0	0	0.000337851	0.000136363	0	0	0	0	0	0	0	0	0	0	0	0	0
trimethoprim__dfrA10	0	0	0	0	0	0	0	0	0	0	0	0.000453085	0	0	0	0	0	0	0	0
trimethoprim__dfrA12	0	0	0	0.000370166	0	0	0	0	0	0.000181255	0	0	0	0.000402048	0	0	0	0	0	0
trimethoprim__dfrA14	0	0.000353701	0.000234945	0	0	0	0.000307161	0.000797111	0	0	0.000177204	0.001187139	0	0	0.000412015	0	0.000345067	0	0.000328262	0.000657944
trimethoprim__dfrA15	0	0	0	0.000196479	0	0	0	0	0	0	0	0	0	0	0.000346093	0	0	0	0	0
trimethoprim__dfrA16	0	0	0	0	0	0	0	0	0	0	0	0	0	0	0	0	0	0	0	0
trimethoprim__dfrA17	0	0.000115399	0	0	0	0	0	0	0	0	0	0	0.000164663	0	0	0	0	0	0	0
trimethoprim__dfrA19	0	0	0	0	0	0	0	0	0	0	0	0	0	0	0	0	0	0	0	0
trimethoprim__dfrA20	0	0	0	0	0	0	0	0	0.0000783	0	0	0	0	0	0	0	0	0	0	0
trimethoprim__dfrA21	0	0	0	0	0	0	0	0	0	0	0	0	0	0	0	0	0	0	0	0
trimethoprim__dfrA22	0	0	0	0	0	0	0	0	0	0	0	0	0	0	0	0	0	0	0	0
trimethoprim__dfrA23	0	0	0	0	0	0	0	0	0	0	0	0	0.000342842	0	0	0	0	0	0	0
trimethoprim__dfrA5	0	0.000265809	0	0	0	0	0	0	0	0	0	0	0	0	0	0	0	0	0	0
trimethoprim__dfrA7	0	0	0	0	0	0	0	0	0	0	0	0	0	0	0	0	0	0	0	0
trimethoprim__dfrB1	0	0.000711347	0	0	0	0	0	0	0	0	0	0	0.00064078	0	0	0	0	0	0	0
trimethoprim__dfrB2	0	0.000682312	0	0	0	0	0	0	0	0	0	0	0	0	0.000215621	0	0	0	0	0
trimethoprim__dfrB3	0.000550763	0	0	0	0	0	0	0	0	0	0.000363495	0	0	0	0	0	0	0	0	0
trimethoprim__dfrB6	0	0.000225018	0	0.000411296	0	0.000362191	0	0	0	0	0.000192875	0	0.000368264	0.000624848	0	0	0	0.000621343	0	0.00051984
unclassified__16SrRNAmethylase	0	0	0	0	0	0	0	0	0	0	0	0	0	0	0	0	0	0	0	0
unclassified__DNAbindingtranscriptionalregulatorgadX	0	0.00010125	0	0	0	0	0	0	0	0	0	0	0.000207572	0	0	0	0	0.000206358	0	0
unclassified__DNAbinding_protein_HNS	0	0.000409133	0.000291902	0	0	0	0	0	0	0	0	0.000149423	0	0	0	0	0	0	0	0
unclassified__antibioticresistancerRNAadeninemethyltransferase	0	0	0	0	0	0	0.0000663	0	0.000224412	0	0	0	0.000131689	0	0	0	0	0	0	0
unclassified__bacterialregulatoryproteinLuxR	0	0	0	0	0	0	0	0	0	0	0.000272294	0	0	0	0	0	0	0	0	0
unclassified__cAMPregulatoryprotein	0.001282994	0.004549415	0.002175315	0.001917858	0.001792747	0.001220304	0.000353636	0.000547221	0.001174635	0.00079832	0.001048658	0.001465686	0.000572461	0.00191044	0.001352787	0.000658323	0.001350112	0.000137372	0	0.000663242
unclassified__cobIalaminadenolsyltransferase	0	0	0	0	0	0	0	0.0000897	0	0	0.000221413	0	0	0	0	0	0	0.000288481	0.000131363	0
unclassified__sdiA	0	0.0000778	0	0.000132589	0.000270848	0.000216206	0	0.000168153	0	0	0	0	0.000107035	0.000101538	0.000269527	0	0	0	0	0
unclassified__transcriptionalregulatoryproteinCpxRcpxR	0.0068395	0.007087768	0.011592647	0.007818953	0.011588384	0.009827749	0.010517642	0.01212665	0.008676544	0.009423099	0.010248054	0.008748157	0.012876585	0.011820962	0.011158134	0.013350065	0.00996681	0.010613555	0.011061823	0.010756498
unclassified__truncatedputativeresponseregulatorArlR	0	0.000144736	0.000092	0	0	0.000176487	0.000232692	0.000388124	0.000684842	0.000402397	0.000293626	0.000214711	0	0.000598414	0.0000886	0	0.00022638	0.000535631	0.000451473	0.000761415
vancomycin__vanA	0	0	0	0	0	0	0	0	0	0	0	0	0	0	0	0	0	0	0	0
vancomycin__vanC	0.0000439	0	0.0000606	0	0	0	0	0	0.0000831	0	0.0000557	0.000134285	0	0	0	0	0.000212058	0	0	0
vancomycin__vanD	0.000270672	0.0000743	0	0	0	0	0	0	0	0	0	0	0.0000419	0	0	0	0	0.0000841	0	0
vancomycin__vanE	0	0.000165065	0	0	0	0	0	0	0	0	0	0	0	0	0	0.000273683	0	0	0	0
vancomycin__vanG	0	0.0000406	0	0.0000442	0.000047	0	0	0.0000466	0.0000379	0.0000437	0.0000414	0.0000407	0.000158026	0.0000931	0	0	0	0.0000413	0.0000376	0
vancomycin__vanH	0	0	0	0	0	0	0	0.0000991	0.0000575	0	0	0	0	0	0	0	0	0	0.0000602	0
vancomycin__vanM	0	0	0	0	0	0	0	0	0	0	0.000165321	0	0	0	0	0	0	0	0	0
vancomycin__vanN	0	0	0	0	0	0	0	0	0.0000808	0	0	0	0	0	0	0	0	0	0	0.0000703
vancomycin__vanR	0.000663795	0.000636783	0.000947437	0.001983599	0.000680421	0.001084905	0.001009741	0.001771289	0.002471696	0.001242879	0.006569067	0.003801135	0.002618437	0.002099925	0.003262905	0.002766234	0.001047459	0.002554609	0.000755319	0.001854515
vancomycin__vanS	0.000229635	0.00023561	0	0.000174889	0	0.000172104	0.000737949	0.000389197	0.000153388	0.0000548	0.001474236	0.00118837	0.000642765	0.000288426	0.001435044	0.0000912	0.000383479	0.00014215	0.001216921	0.000831303
vancomycin__vanU	0	0	0	0	0	0	0	0	0	0	0.00024688	0	0	0	0	0	0	0	0	0
vancomycin__vanW	0	0	0	0	0	0	0	0	0	0	0	0	0	0	0	0	0	0	0	0
vancomycin__vanX	0	0.000168171	0	0	0	0	0.000134824	0	0.0000969	0	0	0	0	0	0	0	0	0	0	0
vancomycin__vanY	0	0	0	0	0	0	0	0	0	0	0	0	0	0	0	0	0	0	0	0
vancomycin__vanZ	0	0	0	0	0	0	0	0	0	0	0	0	0	0	0	0	0	0	0	0
